3.979713089016470207e+01 5.150657196248315586e+02 2.565299918757432684e-01 -8.583502759081543809e-01 -8.355943636735221336e-01 1.292104185111788706e+00
1.141019529676805977e+00 5.165539556571555835e+00 -1.362565481889839836e+00 -1.033794009351352461e+00 8.558621778730240992e-01 1.795610195869875803e+00
-3.878634974417859982e-01 5.162015873475542804e+00 -2.341817601361525225e-01 9.196862043457170177e-01 8.202802470181270733e-01 -1.421097234600611214e+00
3.153909673286351634e+00 4.104313679917073188e+00 1.029484602933861348e+00 -1.662601127742628249e+00 2.911338723534838691e-01 6.286661569417301143e-01
-2.245899148634644860e+02 4.809926662154275618e+02 4.558253933436071798e-02 -4.010327490371683457e-01 9.987593583813008102e-01 -1.074996696813415253e+00
4.957479700591583196e+02 1.051155076021957342e+02 7.520333910363926622e-01 -5.296248249968873445e-01 1.145657137282635851e+00 -1.530524192174618214e+00
2.963094615116592667e+00 4.365860571803902523e+00 -5.095752660131074308e-01 1.895709931405627213e-01 1.785057405593496599e-02 5.024468911882852273e-01
1.030096946387131084e+03 4.365347266632757339e+01 -9.033275163697487287e-01 1.008382995455292752e+00 -2.181231697927100421e-01 3.792051893435418042e-01
-2.433744090124999957e+02 8.783639876017115711e+00 -1.018798007550364010e-01 -6.935662865307311575e-01 1.019199777880398505e+00 -1.433925263997532229e-01
2.195801249999998461e+01 9.763160206806155372e+01 1.176142516371038615e+00 -4.678636985262015768e-01 -5.594680930117337109e-02 -7.496215605000090543e-01
0.000000000000000000e+00 0.000000000000000000e+00 -3.396778714290275669e+00 -3.683975369518654119e+00 -2.609188161936222272e+00 -2.323798735476763522e+00
